image: map_0402.pgm
resolution: 0.050000
origin: [-1.395422, -17.188948, 0.000000]
negate: 0
occupied_thresh: 0.65
free_thresh: 0.196

