image: whole_map_2.pgm
resolution: 0.050000
origin: [-2.101668, -24.576831, 0.000000]
negate: 0
occupied_thresh: 0.65
free_thresh: 0.196

